 ,node_0(depot),job_17,job_18,job_19,job_20,job_21
node_0(depot),0,53,53,94,29,58
job_17,53,0,0,43,41,7
job_18,53,0,0,43,41,7
job_19,94,43,43,0,74,36
job_20,29,41,41,74,0,42
job_21,58,7,7,36,42,0
